50	-302.38905356
-305.89932773
-305.90439427
-305.90656859
-305.90701852
-305.90704052
-305.90704055
-306.24678981
60	-302.43949553
-306.11307691
-306.19404989
-306.24676963
-306.27523447
-306.27553092
-306.27553559
-306.52646760
70	-302.46099242
-306.16478820
-306.31001167
-306.43320736
-306.51879278
-306.51920398
-306.51921313
-306.51921318
-306.68278869
80	-302.46705830
-306.17034848
-306.32808001
-306.48309437
-306.62685648
-306.66538145
-306.66557865
-306.66558323
-306.77340221
90	-302.46833669
-306.17489137
-306.32679121
-306.48092235
-306.64772852
-306.74888444
-306.75074047
-306.75077464
-306.75077683
-306.82383996
100	-302.46860060
-306.18254581
-306.32997630
-306.47881341
-306.64896288
-306.78532140
-306.80828743
-306.80857763
-306.80860789
-306.80860952
-306.85407013
110	-302.46884843
-306.18818056
-306.33531247
-306.48367367
-306.65173792
-306.79675370
-306.84178087
-306.84240181
-306.84248766
-306.84250274
-306.87021200
120	-302.46906260
-306.19159980
-306.33993729
-306.48918487
-306.65602310
-306.79976033
-306.85886526
-306.85930136
-306.85947717
-306.85949212
-306.85949243
-306.87752761
