-23257.752119
-23257.752119
-22964.958272
-22672.698062
-22442.190858
-22442.190858
-11.581822
-11.581822
-5.564244
140.147129
140.147129
244.560952
-11.887988
-11.887988
-11.811805
139.490136
139.490136
242.802705
-10.292785
-10.292785
-9.678564
139.660400
139.660400
243.145048
-10.208468
-9.881101
-9.881101
139.779115
139.779115
243.018378
-10.241223
-9.960556
-9.960556
139.776535
139.776535
243.028958
-8.971616
-8.890558
-8.890558
139.819502
139.819502
243.024222
-9.476710
-9.476710
-9.015195
139.800468
139.800468
243.055705
