-8.672354
-8.672354
-8.482577
88.318140
88.318140
233.745840
-8.899868
-8.899868
-8.267071
134.533372
134.533372
239.847703
-9.491581
-9.491581
-8.884110
140.954102
140.954102
242.878827
-9.758149
-9.758149
-9.176485
139.631750
139.631750
242.946811
-9.882958
-9.882958
-9.409459
139.830680
139.830680
243.020997
-10.717889
-10.717889
-10.237521
139.716251
139.716251
242.981937
-9.848205
-9.848205
-9.310776
139.785933
139.785933
243.015595
-10.225444
-10.225444
-9.695188
139.760466
139.760466
243.004330
-10.241840
-10.241840
-9.652266
139.759120
139.759120
243.005688
-11.163554
-11.163554
-10.645875
139.689870
139.689870
242.964380
-10.383734
-10.383734
-9.815422
139.746361
139.746361
242.998154
